%YAML 1.0
---
calibration_time: "2017年12月31日 星期日 07时13分56秒"
nframes: 6
image_width: 640
image_height: 480
board_width: 7
board_height: 8
square_size: 1.
aspectRatio: 1.
flags: 2
camera_matrix:
   rows: 3
   cols: 3
   dt: d
   data: [ 5.2695138954060224e+02, 0., 3.1059383157939379e+02, 0.,
       5.2695138954060224e+02, 2.4156722036777032e+02, 0., 0., 1. ]
distortion_coefficients:
   rows: 5
   cols: 1
   dt: d
   data: [ 2.3264150301294229e-01, -8.0880033230949444e-01,
       -1.3425460482165360e-02, -4.2002616554873314e-03,
       1.1415301818068606e+00 ]
avg_reprojection_error: 3.2010207978951849e-01
per_view_reprojection_errors:
   rows: 6
   cols: 1
   dt: f
   data: [ 4.14249986e-01, 2.91767627e-01, 2.46690750e-01,
       3.65528882e-01, 3.18288237e-01, 2.49570712e-01 ]
extrinsic_parameters:
   rows: 6
   cols: 6
   dt: d
   data: [ -6.9453300578360466e-01, -6.9619625209835434e-01,
       -1.5291680134717671e+00, -3.0439757348314656e+00,
       1.6447751459699329e+00, 7.4596689150982618e+00,
       -8.8992404460629115e-01, 1.0060672612608801e-01,
       5.4863492106578876e-03, -1.8976778457725629e+00,
       -1.9768620696757904e+00, 1.4568106497024369e+01,
       -5.4915203994832773e-01, 1.8188317871319046e-01,
       -1.0262081242027475e-02, -1.7204997411611955e+00,
       -3.9377951323533638e+00, 1.2572565234296540e+01,
       -7.4279728381049304e-01, 2.9023207465555939e-01,
       -7.8762245661794217e-01, -3.8208626399358292e+00,
       -3.3684766344078015e-01, 1.2678447231365293e+01,
       -8.9543080720881885e-01, -5.8008016583894186e-02,
       3.9915012672528966e-01, -2.1167537380628803e+00,
       -3.5116406534287319e+00, 1.4604934775586353e+01,
       -4.2340081532249857e-01, -4.3054011407319050e-02,
       -4.9907199934598412e-02, -2.6384151116832109e+00,
       -3.8200842933206385e+00, 1.1123388215510806e+01 ]
image_points:
   rows: 6
   cols: 56
   dt: "2f"
   data: [ 9.08537064e+01, 3.59533997e+02, 1.07285332e+02,
       3.07013672e+02, 1.20919006e+02, 2.63330353e+02, 1.32335968e+02,
       2.26765350e+02, 1.42074234e+02, 1.95891083e+02, 1.50283157e+02,
       1.68769974e+02, 1.57315811e+02, 1.44806305e+02, 1.64085831e+02,
       3.52914856e+02, 1.74118973e+02, 3.02024445e+02, 1.82148071e+02,
       2.59603302e+02, 1.88673660e+02, 2.23820770e+02, 1.94118607e+02,
       1.93183136e+02, 1.98755341e+02, 1.66504562e+02, 2.02801956e+02,
       1.42855453e+02, 2.36448776e+02, 3.47647217e+02, 2.39712936e+02,
       2.97890839e+02, 2.41983536e+02, 2.56224915e+02, 2.43770981e+02,
       2.20655319e+02, 2.45249084e+02, 1.90634369e+02, 2.46440201e+02,
       1.64210526e+02, 2.47590790e+02, 1.40510529e+02, 3.06917236e+02,
       3.42899445e+02, 3.03390747e+02, 2.93745056e+02, 3.00336304e+02,
       2.52649521e+02, 2.97639709e+02, 2.17515656e+02, 2.95449768e+02,
       1.87778809e+02, 2.93499207e+02, 1.61761139e+02, 2.91585480e+02,
       1.38347946e+02, 3.76413879e+02, 3.38350952e+02, 3.66185516e+02,
       2.89677948e+02, 3.57799896e+02, 2.48802032e+02, 3.50924591e+02,
       2.14236450e+02, 3.44969635e+02, 1.84767731e+02, 3.39738861e+02,
       1.59113342e+02, 3.35392029e+02, 1.35722916e+02, 4.46152985e+02,
       3.33838409e+02, 4.29303711e+02, 2.85788605e+02, 4.15631836e+02,
       2.45292648e+02, 4.04300781e+02, 2.10805649e+02, 3.94557556e+02,
       1.81729874e+02, 3.86262177e+02, 1.56113052e+02, 3.78888092e+02,
       1.32625900e+02, 5.16220276e+02, 3.29185272e+02, 4.92840240e+02,
       2.81788208e+02, 4.73810760e+02, 2.41789917e+02, 4.58057404e+02,
       2.07408691e+02, 4.44369385e+02, 1.78445862e+02, 4.32750671e+02,
       1.52862442e+02, 4.22678314e+02, 1.29522156e+02, 5.86142883e+02,
       3.23410614e+02, 5.56556580e+02, 2.77022705e+02, 5.32204102e+02,
       2.37575912e+02, 5.11803986e+02, 2.04156097e+02, 4.94472626e+02,
       1.75202347e+02, 4.79493256e+02, 1.49077667e+02, 4.66486938e+02,
       1.26828438e+02, 2.41251175e+02, 1.69167450e+02, 2.77411621e+02,
       1.67392776e+02, 3.13979614e+02, 1.65571579e+02, 3.50999054e+02,
       1.63527634e+02, 3.88594849e+02, 1.61455139e+02, 4.27009369e+02,
       1.58665970e+02, 4.66289642e+02, 1.56069397e+02, 2.35578918e+02,
       1.89311707e+02, 2.73801056e+02, 1.88000381e+02, 3.12406250e+02,
       1.86235352e+02, 3.51418091e+02, 1.84250061e+02, 3.91192413e+02,
       1.82128433e+02, 4.31612427e+02, 1.79810654e+02, 4.73193481e+02,
       1.77273834e+02, 2.29440796e+02, 2.11859833e+02, 2.69777161e+02,
       2.10965408e+02, 3.10579590e+02, 2.09164261e+02, 3.51793304e+02,
       2.06926544e+02, 3.93873657e+02, 2.05272476e+02, 4.36924133e+02,
       2.03042435e+02, 4.81114594e+02, 2.00593491e+02, 2.22297806e+02,
       2.37371414e+02, 2.65406982e+02, 2.36425339e+02, 3.08512604e+02,
       2.34796799e+02, 3.52258698e+02, 2.32803207e+02, 3.97150787e+02,
       2.30664474e+02, 4.43007843e+02, 2.29016953e+02, 4.90144684e+02,
       2.26711594e+02, 2.14085236e+02, 2.65997467e+02, 2.60253723e+02,
       2.65176331e+02, 3.06317108e+02, 2.63657806e+02, 3.53026459e+02,
       2.61935547e+02, 4.00706482e+02, 2.60050659e+02, 4.49946045e+02,
       2.58556000e+02, 5.00605530e+02, 2.56326294e+02, 2.04479996e+02,
       2.98918304e+02, 2.54034195e+02, 2.98021576e+02, 3.03624268e+02,
       2.96810242e+02, 3.53806519e+02, 2.95276764e+02, 4.05241730e+02,
       2.93881134e+02, 4.58155518e+02, 2.92529022e+02, 5.12635437e+02,
       2.90182617e+02, 1.93210052e+02, 3.37162445e+02, 2.46762253e+02,
       3.36492157e+02, 3.00433838e+02, 3.35282623e+02, 3.54705597e+02,
       3.33972504e+02, 4.10447021e+02, 3.33097015e+02, 4.67668579e+02,
       3.31845337e+02, 5.26793030e+02, 3.29748322e+02, 1.79914398e+02,
       3.82310120e+02, 2.38243759e+02, 3.81593384e+02, 2.96679230e+02,
       3.80788544e+02, 3.55924744e+02, 3.79854706e+02, 4.16728210e+02,
       3.79348419e+02, 4.79250519e+02, 3.78113220e+02, 5.43439392e+02,
       3.76722504e+02, 2.36621506e+02, 7.14688110e+01, 2.78411163e+02,
       6.65263977e+01, 3.21504395e+02, 6.14075203e+01, 3.65678345e+02,
       5.60759697e+01, 4.11208710e+02, 5.04021378e+01, 4.58243958e+02,
       4.41134720e+01, 5.06721130e+02, 3.77148399e+01, 2.31900177e+02,
       1.02813377e+02, 2.75496460e+02, 9.88618164e+01, 3.20024933e+02,
       9.40459061e+01, 3.66062958e+02, 8.87344971e+01, 4.13605774e+02,
       8.31204300e+01, 4.62751678e+02, 7.73472900e+01, 5.13606812e+02,
       7.14380951e+01, 2.26917206e+02, 1.37201782e+02, 2.72358459e+02,
       1.33631531e+02, 3.18649323e+02, 1.29112259e+02, 3.66411285e+02,
       1.23881424e+02, 4.16214722e+02, 1.18826302e+02, 4.67682922e+02,
       1.13385994e+02, 5.21264893e+02, 1.07410767e+02, 2.21347565e+02,
       1.74283905e+02, 2.68777222e+02, 1.71206177e+02, 3.17119141e+02,
       1.66978668e+02, 3.66991211e+02, 1.62433533e+02, 4.18964630e+02,
       1.57276581e+02, 4.73121735e+02, 1.52494339e+02, 5.29523315e+02,
       1.46932755e+02, 2.15395447e+02, 2.14578705e+02, 2.64877319e+02,
       2.11777252e+02, 3.15494507e+02, 2.08325836e+02, 3.67588226e+02,
       2.04379257e+02, 4.22057617e+02, 1.99823639e+02, 4.79268066e+02,
       1.95546417e+02, 5.38857178e+02, 1.90549973e+02, 2.08403351e+02,
       2.58520325e+02, 2.60571838e+02, 2.56235901e+02, 3.13633087e+02,
       2.53348953e+02, 3.68219452e+02, 2.50071991e+02, 4.25619507e+02,
       2.46712585e+02, 4.86204742e+02, 2.43155716e+02, 5.49386658e+02,
       2.38540497e+02, 2.00307678e+02, 3.07413452e+02, 2.55471878e+02,
       3.05526886e+02, 3.11570404e+02, 3.03232849e+02, 3.69355896e+02,
       3.00864990e+02, 4.30165009e+02, 2.98605682e+02, 4.94154694e+02,
       2.95932220e+02, 5.61411316e+02, 2.92625824e+02, 1.90937500e+02,
       3.62622894e+02, 2.49492599e+02, 3.61055725e+02, 3.09157898e+02,
       3.59473999e+02, 3.70697174e+02, 3.58209808e+02, 4.35438568e+02,
       3.57133209e+02, 5.03511444e+02, 3.55579346e+02, 5.74823120e+02,
       3.53650391e+02, 1.48805573e+02, 2.27176819e+02, 1.78223953e+02,
